1 1 1 194.5677 2.3253
2 2 0 22.6319 1.1233
3 1 1 99.2917 2.562
2 2 2 219.2877 3.2522
4 0 0 1366.7377 31.0766
3 3 1 1381.2404 24.4182
4 2 2 272.4665 4.2351
5 1 1 991.5085 19.2015
3 3 3 504.5874 7.2552
4 4 0 2167.6858 37.9609
5 3 1 369.5253 6.1847
4 4 2 6.2608 2.8933
6 2 0 339.3607 5.1923
5 3 3 20.2404 2.4298
6 2 2 214.3519 4.0421
4 4 4 375.6302 6.4494
7 1 1 838.4976 10.5859
5 5 1 55.1172 5.8025
6 4 2 33.0758 1.73
5 5 3 764.9341 9.6838
7 3 1 73.8851 5.6586
8 0 0 1910.4371 35.8678
7 3 3 2395.7312 49.6513
6 4 4 9.8576 3.0133
8 2 2 1207.8987 15.3849
6 6 0 1217.1985 14.023
7 5 1 324.4044 6.9411
5 5 5 2023.2412 19.0822
6 6 2 172.7699 5.0273
8 4 0 119.736 4.1954
7 5 3 1082.9794 14.7933
9 1 1 123.3764 9.8873
6 6 4 656.7704 10.7445
9 3 1 130.3383 4.7733
8 4 4 570.3704 7.6292
9 3 3 1398.5513 18.2014
7 7 1 1685.6763 14.9738
7 5 5 107.9908 12.4997
10 2 0 914.1141 9.7104
8 6 2 258.0833 9.2406
7 7 3 588.8738 10.5555
9 5 1 1016.6021 15.1481
6 6 6 215.3041 5.8482
10 2 2 165.5683 6.7319
9 5 3 263.2697 6.1767
10 4 2 399.1649 7.1967
11 1 1 406.6985 7.741
7 7 5 9.0443 5.724
8 8 0 232.3389 6.1342
11 3 1 815.0747 11.7547
9 7 1 645.9863 10.2892
9 5 5 105.5177 9.3831
10 6 0 2129.5383 32.0582
9 7 3 24.8305 3.9317
11 3 3 111.9623 3.9825
10 6 2 178.0339 6.2671
12 0 0 355.9608 7.7594
8 8 4 451.119 9.247
7 7 7 2409.2754 31.1082
11 5 1 36.939 14.722
12 2 2 1267.522 18.7561
10 6 4 1228.7996 18.9536
9 7 5 329.1074 7.5867
11 5 3 224.7773 6.8633
12 4 0 883.0682 16.7404
9 9 1 60.6822 3.0033
8 8 6 12.822 4.685
12 4 2 5.0893 4.852
10 8 2 15.7286 4.7639
11 5 5 1284.8992 17.9016
13 1 1 91.8083 11.1508
9 9 3 114.64 11.1921
11 7 1 11.3935 12.2606
10 6 6 107.1723 5.1578
12 4 4 25.885 4.0867
9 7 7 1452.166 21.8338
13 3 1 1245.0792 14.7605
11 7 3 1511.823 25.7585
10 8 4 3.71 5.2924
12 6 2 329.076 7.9567
13 3 3 285.8376 8.01
9 9 5 992.9638 18.5608
8 8 8 288.2571 8.2375
13 5 1 194.837 8.1567
11 7 5 414.2435 16.7881
12 6 4 7.2439 6.2567
10 10 0 2714.7458 39.4196
10 8 6 343.7899 16.235
14 2 0 472.1022 16.35
13 5 3 22.6495 6.3833
11 9 1 467.5958 11.3159
14 2 2 135.5432 5.6885
10 10 2 111.2981 5.0295
12 8 0 143.5622 5.6917
11 9 3 624.4188 12.4461
9 9 7 533.15 11.2212
12 8 2 10.4581 6.7
10 10 4 2155.8782 37.8372
12 6 6 7.6967 17.7236
14 4 2 105.0912 17.4296
13 5 5 587.6577 13.573
11 7 7 152.2555 8.7189
13 7 1 17.2751 9.38
12 8 4 2.808 6.3706
13 7 3 2101.8381 32.1411
15 1 1 21.4748 16.6965
11 9 5 16.9701 17.7952
10 8 8 3.9106 6.964
14 4 4 6.3243 7.0625
14 6 0 1277.8949 16.08
15 3 1 173.7919 6.8503
10 10 6 148.4994 5.8123
14 6 2 96.6851 4.7807
13 7 5 743.1557 16.0757
11 11 1 253.0292 14.1009
15 3 3 801.3929 17.95
9 9 9 9.293 11.9304
12 8 6 5.7886 6.4533
14 6 4 799.8103 10.113
12 10 2 16.6109 6.3233
15 5 1 1196.2526 20.6643
13 9 1 77.6526 11.5775
11 11 3 0.1226 4.688
11 9 7 36.2448 3.7426
16 0 0 2281.319 47.996
13 9 3 1012.6861 19.7955
15 5 3 73.0685 14.1163
12 10 4 4.7657 7.03
10 10 8 708.9425 20.5846
14 8 2 66.2456 8.0414
16 2 2 355.8104 8.7275
13 7 7 338.0038 10.7433
11 11 5 460.0088 18.0683
14 6 6 142.0896 5.9235
16 4 0 484.0079 12.2049
15 7 1 296.3522 7.405
15 5 5 135.249 6.64
13 9 5 67.1565 6.2286
16 4 2 0.413 6.02
14 8 4 0.6195 5.9567
12 10 6 156.6047 6.0433
11 9 9 406.6829 10.9233
15 7 3 10.0451 11.6751
16 4 4 889.3516 28.0052
12 12 0 48.4913 10.0438
13 11 1 515.3911 12.1189
11 11 7 540.725 12.2186
17 1 1 547.7704 20.6454
12 12 2 26.2629 8.6633
14 10 0 2187.1519 30.0916
16 6 2 7.7465 19.6828
14 8 6 64.3002 9.41
13 9 7 11.6539 8.6633
17 3 1 50.185 8.083
15 7 5 374.3065 8.778
13 11 3 30.6726 8.108
14 10 2 109.6739 5.0606
10 10 10 100.755 5.66
12 12 4 504.4615 14.3566
17 3 3 1812.5647 373.5117
15 9 1 2.6081 18.5729
12 10 8 13.5403 10.2359
16 6 4 4.9083 8.09
14 10 4 1167.5333 17.3067
13 11 5 218.7551 14.8851
15 9 3 267.0351 15.4758
17 5 1 125.0758 5.4433
16 8 0 471.4993 49.8891
15 7 7 651.6143 15.2539
17 5 3 699.3832 19.8546
11 11 9 196.8183 9.834
16 8 2 17.5671 8.5743
14 8 8 9.327 7.8625
12 12 6 6.8138 9.11
16 6 6 200.7956 7.88
18 2 0 24.2069 10.3216
15 9 5 1035.1714 159.7362
13 9 9 118.5448 15.4553
14 10 6 69.1974 7.3238
18 2 2 70.071 11.7222
16 8 4 34.1798 8.0556
17 7 1 1108.8405 51.5627
17 5 5 39.7098 15.3006
13 11 7 1245.7976 17.3057
13 13 1 790.6947 16.8371
14 12 2 121.2231 8.75
18 4 2 46.5794 9.905
12 10 10 632.8853 20.8124
13 13 3 252.1584 9.3625
17 7 3 321.9037 13.8123
15 11 1 340.2429 11.2167
12 12 8 408.8684 15.0235
15 11 3 230.5712 8.1633
15 9 7 211.3878 8.11
16 8 6 0.951 9.3733
14 12 4 3.2415 8.4987
18 4 4 11.4682 9.05
14 10 8 478.7053 12.6775
18 6 0 386.9393 9.9513
16 10 2 96.3516 6.4755
17 7 5 9.6315 10.75
19 1 1 376.4738 11.215
13 13 5 10.4966 10.158
11 11 11 112.0977 6.675
18 6 2 85.2351 14.2239
19 3 1 305.3999 10.8567
17 9 1 359.4543 11.5071
13 11 9 427.539 11.28
15 11 5 4.1747 6.7067
16 10 4 5.4459 10.5467
18 6 4 59.6674 9.1117
14 12 6 43.3857 9.2075
19 3 3 23.8039 9.1867
17 9 3 48.7587 7.7333
16 8 8 29.3063 12.6552
17 7 7 1601.5154 628.8915
13 13 7 1176.0896 414.6018
19 5 1 0.8334 20.4207
15 9 9 10.9864 8.065
12 12 10 14.4074 11.38
