









5.2581048E-03  0.0000000E+00
1.5774315E-02  0.0000000E+00
2.6290525E-02  0.0000000E+00
3.6806736E-02  0.0000000E+00
4.7322944E-02  0.0000000E+00
5.7839155E-02  0.0000000E+00
6.8355367E-02  0.0000000E+00
7.8871571E-02  0.0000000E+00
8.9387782E-02  0.0000000E+00
9.9903993E-02  0.0000000E+00
1.1042020E-01  0.0000000E+00
1.2093642E-01  0.0000000E+00
1.3145262E-01  0.0000000E+00
1.4196883E-01  0.0000000E+00
1.5248504E-01  0.0000000E+00
1.6300125E-01  0.0000000E+00
1.7351747E-01  0.0000000E+00
1.8403368E-01  0.0000000E+00
1.9454989E-01  0.0000000E+00
2.0506608E-01  0.0000000E+00
2.1558230E-01  0.0000000E+00
2.2609851E-01  0.0000000E+00
2.3661472E-01  0.0000000E+00
2.4713093E-01  0.0000000E+00
2.5764713E-01  0.0000000E+00
2.6816335E-01  0.0000000E+00
2.7867955E-01  0.0000000E+00
2.8919578E-01  0.0000000E+00
2.9971197E-01  0.0000000E+00
3.1022820E-01  0.0000000E+00
3.2074440E-01  0.0000000E+00
3.3126062E-01  0.0000000E+00
3.4177682E-01  0.0000000E+00
3.5229301E-01  0.0000000E+00
3.6280924E-01  0.0000000E+00
3.7332544E-01  0.0000000E+00
3.8384166E-01  0.0000000E+00
3.9435786E-01  0.0000000E+00
4.0487409E-01  0.0000000E+00
4.1539028E-01  0.0000000E+00
4.2590651E-01  0.0000000E+00
4.3642271E-01  0.0000000E+00
4.4693893E-01  0.0000000E+00
4.5745513E-01  0.0000000E+00
4.6797132E-01  0.0000000E+00
4.7848755E-01  0.0000000E+00
4.8900375E-01  0.0000000E+00
4.9951997E-01  0.0000000E+00
5.1003617E-01  0.0000000E+00
5.2055240E-01  0.0000000E+00
5.3106862E-01  0.0000000E+00
5.4158479E-01  0.0000000E+00
5.5210102E-01  0.0000000E+00
5.6261724E-01  0.0000000E+00
5.7313341E-01  0.0000000E+00
5.8364964E-01  0.0000000E+00
5.9416586E-01  0.0000000E+00
6.0468209E-01  0.0000000E+00
6.1519825E-01  0.0000000E+00
6.2571448E-01  0.0000000E+00
6.3623071E-01  0.0000000E+00
6.4674693E-01  0.0000000E+00
6.5726310E-01  0.0000000E+00
6.6777933E-01  3.2212689E+02
6.7829555E-01  3.2805301E+02
6.8881172E-01  3.3858127E+02
6.9932795E-01  3.4484341E+02
7.0984417E-01  3.5241986E+02
7.2036040E-01  3.5566486E+02
7.3087656E-01  3.6092999E+02
7.4139279E-01  3.6783810E+02
7.5190902E-01  3.7238519E+02
7.6242518E-01  3.7511752E+02
7.7294141E-01  3.7650610E+02
7.8345764E-01  3.8168167E+02
7.9397386E-01  3.8640030E+02
8.0449003E-01  3.9176263E+02
8.1500626E-01  3.9445313E+02
8.2552248E-01  3.9763513E+02
8.3603871E-01  4.0258881E+02
8.4655488E-01  4.1582117E+02
8.5707110E-01  4.2575769E+02
8.6758733E-01  4.2762326E+02
8.7810349E-01  4.2982886E+02
8.8861972E-01  4.3114252E+02
8.9913595E-01  4.3604373E+02
9.0965217E-01  4.3876404E+02
9.2016834E-01  4.4134744E+02
9.3068457E-01  4.3854816E+02
9.4120079E-01  4.3453445E+02
9.5171696E-01  4.3311191E+02
9.6223319E-01  4.3287433E+02
9.7274941E-01  4.3473978E+02
9.8326564E-01  4.3650769E+02
9.9378181E-01  4.3639969E+02
1.0042981E+00  4.3624240E+02
1.0148143E+00  4.3631894E+02
1.0253304E+00  4.3895596E+02
1.0358467E+00  4.4209988E+02
1.0463629E+00  4.4359262E+02
1.0568790E+00  4.4347012E+02
1.0673953E+00  4.4465137E+02
1.0779115E+00  4.4799237E+02
1.0884277E+00  4.4994510E+02
1.0989439E+00  4.5065109E+02
1.1094601E+00  4.5169696E+02
1.1199764E+00  4.5331192E+02
1.1304926E+00  4.5590115E+02
1.1410087E+00  4.5660141E+02
1.1515250E+00  4.5911465E+02
1.1620412E+00  4.6100244E+02
1.1725574E+00  4.6371915E+02
1.1830736E+00  4.6570609E+02
1.1935898E+00  4.6723438E+02
1.2041060E+00  4.6872577E+02
1.2146223E+00  4.7141928E+02
1.2251384E+00  4.7387207E+02
1.2356547E+00  4.7430676E+02
1.2461709E+00  4.7501068E+02
1.2566870E+00  4.7807281E+02
1.2672033E+00  4.7932516E+02
1.2777195E+00  4.8151212E+02
1.2882357E+00  4.8358359E+02
1.2987520E+00  4.8437991E+02
1.3092681E+00  4.8528259E+02
1.3197843E+00  4.8695209E+02
1.3303006E+00  4.8865778E+02
1.3408167E+00  4.9019293E+02
1.3513329E+00  4.9213239E+02
1.3618492E+00  4.9372668E+02
1.3723654E+00  4.9615668E+02
1.3828816E+00  4.9742868E+02
1.3933978E+00  4.9874075E+02
1.4039140E+00  5.0094714E+02
1.4144303E+00  5.0262201E+02
1.4249464E+00  5.0451343E+02
1.4354626E+00  5.0615515E+02
1.4459789E+00  5.0656155E+02
1.4564950E+00  5.0849283E+02
1.4670112E+00  5.1263647E+02
1.4775275E+00  5.1391962E+02
1.4880437E+00  5.1200281E+02
1.4985600E+00  5.1207074E+02
1.5090761E+00  5.1429132E+02
1.5195923E+00  5.1577124E+02
1.5301086E+00  5.1749805E+02
1.5406247E+00  5.1762347E+02
1.5511409E+00  5.1588727E+02
1.5616572E+00  5.1386365E+02
1.5721734E+00  5.1362085E+02
1.5826895E+00  5.1782379E+02
1.5932058E+00  5.2211932E+02
1.6037220E+00  5.2622595E+02
1.6142383E+00  5.2819733E+02
1.6247544E+00  5.2913837E+02
1.6352706E+00  5.3139374E+02
1.6457869E+00  5.3293347E+02
1.6563030E+00  5.3392108E+02
1.6668192E+00  5.3435809E+02
1.6773355E+00  5.3556061E+02
1.6878517E+00  5.3758063E+02
1.6983678E+00  5.3806238E+02
1.7088841E+00  5.3998767E+02
1.7194003E+00  5.4052557E+02
1.7299166E+00  5.4211945E+02
1.7404327E+00  5.4349237E+02
1.7509489E+00  5.4452844E+02
1.7614652E+00  5.4597577E+02
1.7719814E+00  5.4779065E+02
1.7824975E+00  5.5028162E+02
1.7930138E+00  5.5180273E+02
1.8035300E+00  5.5297937E+02
1.8140461E+00  5.5444916E+02
1.8245624E+00  5.5600763E+02
1.8350786E+00  5.5791241E+02
1.8455948E+00  5.5941418E+02
1.8561110E+00  5.6069714E+02
1.8666272E+00  5.6240973E+02
1.8771435E+00  5.6436615E+02
1.8876597E+00  5.6599811E+02
1.8981758E+00  5.6779425E+02
1.9086921E+00  5.6900104E+02
1.9192083E+00  5.7099670E+02
1.9297245E+00  5.7287677E+02
1.9402407E+00  5.7506195E+02
1.9507569E+00  5.7646942E+02
1.9612731E+00  5.7835669E+02
1.9717894E+00  5.8005072E+02
1.9823055E+00  5.8087500E+02
1.9928218E+00  5.8164862E+02
2.0033379E+00  5.8402820E+02
2.0138543E+00  5.8754730E+02
2.0243704E+00  5.9203082E+02
2.0348866E+00  5.9574225E+02
2.0454028E+00  5.9943042E+02
2.0559189E+00  6.0206598E+02
2.0664353E+00  6.0564441E+02
2.0769515E+00  6.0870789E+02
2.0874677E+00  6.1108008E+02
2.0979838E+00  6.1427258E+02
2.1085000E+00  6.1708728E+02
2.1190162E+00  6.2034430E+02
2.1295326E+00  6.2400983E+02
2.1400487E+00  6.2830316E+02
2.1505649E+00  6.3156512E+02
2.1610811E+00  6.3414935E+02
2.1715972E+00  6.3844269E+02
2.1821136E+00  6.4293060E+02
2.1926298E+00  6.4785638E+02
2.2031460E+00  6.5113550E+02
2.2136621E+00  6.5530792E+02
2.2241783E+00  6.5970160E+02
2.2346945E+00  6.6265186E+02
2.2452109E+00  6.6660492E+02
2.2557271E+00  6.7141669E+02
2.2662432E+00  6.7694336E+02
2.2767594E+00  6.8240869E+02
2.2872756E+00  6.8816174E+02
2.2977920E+00  6.9509265E+02
2.3083081E+00  7.0031580E+02
2.3188243E+00  7.0520569E+02
2.3293405E+00  7.1068005E+02
2.3398566E+00  7.1588586E+02
2.3503728E+00  7.2180035E+02
2.3608892E+00  7.2711310E+02
2.3714054E+00  7.3313873E+02
2.3819215E+00  7.4059491E+02
2.3924377E+00  7.4497144E+02
2.4029539E+00  7.5213934E+02
2.4134703E+00  7.5783502E+02
2.4239864E+00  7.6404919E+02
2.4345026E+00  7.7063751E+02
2.4450188E+00  7.7651959E+02
2.4555349E+00  7.8457611E+02
2.4660511E+00  7.9282587E+02
2.4765675E+00  7.9912848E+02
2.4870837E+00  8.0642596E+02
2.4975998E+00  8.1264435E+02
2.5081160E+00  8.1757990E+02
2.5186322E+00  8.2492639E+02
2.5291486E+00  8.3150128E+02
2.5396647E+00  8.3871082E+02
2.5501809E+00  8.4640381E+02
2.5606971E+00  8.5394415E+02
2.5712132E+00  8.6109875E+02
2.5817294E+00  8.6769977E+02
2.5922458E+00  8.7398309E+02
2.6027620E+00  8.8037939E+02
2.6132782E+00  8.8851965E+02
2.6237943E+00  8.9695789E+02
2.6343105E+00  9.0836469E+02
2.6448267E+00  9.2041992E+02
2.6553431E+00  9.2721680E+02
2.6658592E+00  9.2718713E+02
2.6763754E+00  9.2732104E+02
2.6868916E+00  9.3107574E+02
2.6974077E+00  9.3679468E+02
2.7079241E+00  9.4152863E+02
2.7184403E+00  9.4646375E+02
2.7289565E+00  9.5130609E+02
2.7394726E+00  9.5579279E+02
2.7499888E+00  9.6060724E+02
2.7605050E+00  9.6494037E+02
2.7710214E+00  9.6725238E+02
2.7815375E+00  9.7127979E+02
2.7920537E+00  9.7429736E+02
2.8025699E+00  9.7515497E+02
2.8130860E+00  9.7787927E+02
2.8236024E+00  9.8116040E+02
2.8341186E+00  9.8390820E+02
2.8446348E+00  9.8704761E+02
2.8551509E+00  9.9099243E+02
2.8656671E+00  9.9543188E+02
2.8761833E+00  9.9581531E+02
2.8866997E+00  9.9192236E+02
2.8972158E+00  9.8864276E+02
2.9077320E+00  9.8605957E+02
2.9182482E+00  9.8369446E+02
2.9287643E+00  9.8270972E+02
2.9392807E+00  9.8118207E+02
2.9497969E+00  9.7866138E+02
2.9603131E+00  9.7723364E+02
2.9708292E+00  9.7784717E+02
2.9813454E+00  9.7969037E+02
2.9918616E+00  9.8157922E+02
3.0023780E+00  9.8263739E+02
3.0128942E+00  9.9403717E+02
3.0234103E+00  1.0463268E+03
3.0339265E+00  1.2315269E+03
3.0444427E+00  1.8197117E+03
3.0549591E+00  2.9263091E+03
3.0654752E+00  3.6344153E+03
3.0759914E+00  3.0783752E+03
3.0865076E+00  1.9364152E+03
3.0970237E+00  1.2529304E+03
3.1075399E+00  1.0199734E+03
3.1180563E+00  9.4652551E+02
3.1285725E+00  9.1828448E+02
3.1390886E+00  9.0287897E+02
3.1496048E+00  8.9194421E+02
3.1601210E+00  8.8353497E+02
3.1706374E+00  8.7629236E+02
3.1811535E+00  8.6872229E+02
3.1916697E+00  8.6151141E+02
3.2021859E+00  8.5459479E+02
3.2127020E+00  8.4743701E+02
3.2232182E+00  8.4025891E+02
3.2337346E+00  8.3501514E+02
3.2442508E+00  8.2866467E+02
3.2547669E+00  8.2189886E+02
3.2652831E+00  8.1576111E+02
3.2757993E+00  8.0966956E+02
3.2863157E+00  8.0365350E+02
3.2968318E+00  7.9860889E+02
3.3073480E+00  7.9530310E+02
3.3178642E+00  7.9081653E+02
3.3283803E+00  7.8433081E+02
3.3388965E+00  7.7698230E+02
3.3494129E+00  7.7016589E+02
3.3599291E+00  7.6407935E+02
3.3704453E+00  7.6131885E+02
3.3809614E+00  7.6228833E+02
3.3914776E+00  7.7189362E+02
3.4019940E+00  8.1379608E+02
3.4125102E+00  9.1757257E+02
3.4230263E+00  1.0221398E+03
3.4335425E+00  1.0026295E+03
3.4440587E+00  8.7442157E+02
3.4545748E+00  7.7059454E+02
3.4650912E+00  7.2794421E+02
3.4756074E+00  7.1231024E+02
3.4861236E+00  7.0482513E+02
3.4966397E+00  6.9951489E+02
3.5071559E+00  6.9490698E+02
3.5176723E+00  6.9088013E+02
3.5281885E+00  6.8551685E+02
3.5387046E+00  6.8050769E+02
3.5492208E+00  6.7591473E+02
3.5597370E+00  6.7337823E+02
3.5702531E+00  6.7020428E+02
3.5807695E+00  6.6831903E+02
3.5912857E+00  6.6813611E+02
3.6018019E+00  6.6999097E+02
3.6123180E+00  6.7130341E+02
3.6228342E+00  6.6756055E+02
3.6333506E+00  6.5842059E+02
3.6438668E+00  6.4952936E+02
3.6543829E+00  6.4420190E+02
3.6648991E+00  6.4137579E+02
3.6754153E+00  6.3836292E+02
3.6859314E+00  6.3452887E+02
3.6964478E+00  6.3095209E+02
3.7069640E+00  6.2838934E+02
3.7174802E+00  6.2396906E+02
3.7279963E+00  6.2107166E+02
3.7385125E+00  6.1829572E+02
3.7490287E+00  6.1588055E+02
3.7595451E+00  6.1283820E+02
3.7700613E+00  6.1103931E+02
3.7805774E+00  6.1189667E+02
3.7910936E+00  6.1345691E+02
3.8016098E+00  6.1247479E+02
3.8121262E+00  6.0799567E+02
3.8226423E+00  6.0150995E+02
3.8331585E+00  5.9602704E+02
3.8436747E+00  5.9096045E+02
3.8541908E+00  5.8741309E+02
3.8647070E+00  5.8595862E+02
3.8752234E+00  5.8688574E+02
3.8857396E+00  5.8781653E+02
3.8962557E+00  5.8798169E+02
3.9067719E+00  5.8698749E+02
3.9172881E+00  5.8568396E+02
3.9278045E+00  5.8432343E+02
3.9383206E+00  5.8227228E+02
3.9488368E+00  5.7660535E+02
3.9593530E+00  5.7403687E+02
3.9698691E+00  5.7378937E+02
3.9803853E+00  5.6994000E+02
3.9909017E+00  5.6723102E+02
4.0014176E+00  5.6680939E+02
4.0119343E+00  5.6818884E+02
4.0224504E+00  5.6726587E+02
4.0329666E+00  5.6769781E+02
4.0434828E+00  5.6815240E+02
4.0539989E+00  5.6874463E+02
4.0645151E+00  5.6954700E+02
4.0750313E+00  5.6978101E+02
4.0855474E+00  5.7036102E+02
4.0960636E+00  5.7217297E+02
4.1065798E+00  5.7580609E+02
4.1170959E+00  5.8393445E+02
4.1276126E+00  5.9997778E+02
4.1381288E+00  6.1784436E+02
4.1486449E+00  6.2295361E+02
4.1591611E+00  6.1000397E+02
4.1696773E+00  5.9576068E+02
4.1801934E+00  5.8827753E+02
4.1907096E+00  5.8844537E+02
4.2012258E+00  5.9280835E+02
4.2117419E+00  5.9930225E+02
4.2222581E+00  6.0871747E+02
4.2327743E+00  6.1987250E+02
4.2432904E+00  6.3633954E+02
4.2538071E+00  6.6452460E+02
4.2643232E+00  7.1670770E+02
4.2748394E+00  8.3167963E+02
4.2853556E+00  1.1283751E+03
4.2958717E+00  2.0009526E+03
4.3063879E+00  4.4467573E+03
4.3169041E+00  9.6170840E+03
4.3274202E+00  1.6549012E+04
4.3379364E+00  1.9733178E+04
4.3484526E+00  1.5394112E+04
4.3589687E+00  7.9384004E+03
4.3694854E+00  3.2581760E+03
4.3800015E+00  1.5257568E+03
4.3905177E+00  9.7574219E+02
4.4010339E+00  7.7889746E+02
4.4115500E+00  6.9073358E+02
4.4220662E+00  6.4300598E+02
4.4325824E+00  6.1278577E+02
4.4430985E+00  5.9257275E+02
4.4536147E+00  5.7764435E+02
4.4641309E+00  5.6660754E+02
4.4746470E+00  5.5743671E+02
4.4851637E+00  5.4955457E+02
4.4956799E+00  5.4270129E+02
4.5061960E+00  5.3688159E+02
4.5167122E+00  5.3278308E+02
4.5272284E+00  5.2874866E+02
4.5377445E+00  5.2466553E+02
4.5482607E+00  5.2284961E+02
4.5587769E+00  5.2296350E+02
4.5692930E+00  5.2763623E+02
4.5798092E+00  5.4940643E+02
4.5903254E+00  6.1267657E+02
4.6008420E+00  6.9892017E+02
4.6113582E+00  7.2092303E+02
4.6218743E+00  6.4859009E+02
4.6323905E+00  5.6245190E+02
4.6429067E+00  5.1852557E+02
4.6534228E+00  5.0271344E+02
4.6639390E+00  4.9618088E+02
4.6744552E+00  4.9214346E+02
4.6849713E+00  4.8979733E+02
4.6954875E+00  4.8794351E+02
4.7060037E+00  4.8571262E+02
4.7165203E+00  4.8368872E+02
4.7270365E+00  4.8178070E+02
4.7375526E+00  4.7975021E+02
4.7480688E+00  4.7865536E+02
4.7585850E+00  4.7738477E+02
4.7691011E+00  4.7629865E+02
4.7796173E+00  4.7451782E+02
4.7901335E+00  4.7380450E+02
4.8006496E+00  4.7352878E+02
4.8111658E+00  4.7592487E+02
4.8216820E+00  4.8187210E+02
4.8321986E+00  4.9128964E+02
4.8427148E+00  4.9662033E+02
4.8532310E+00  4.9182074E+02
4.8637471E+00  4.8125870E+02
4.8742633E+00  4.7201511E+02
4.8847795E+00  4.6503342E+02
4.8952956E+00  4.6466675E+02
4.9058118E+00  4.6288980E+02
4.9163280E+00  4.6179605E+02
4.9268441E+00  4.6049506E+02
4.9373603E+00  4.5876593E+02
4.9478769E+00  4.5772470E+02
4.9583931E+00  4.5640909E+02
4.9689093E+00  4.5566589E+02
4.9794254E+00  4.5458484E+02
4.9899416E+00  4.5369205E+02
5.0004578E+00  4.5308578E+02
5.0109739E+00  4.5234009E+02
5.0214901E+00  4.5241425E+02
5.0320063E+00  4.5530609E+02
5.0425224E+00  4.6510757E+02
5.0530386E+00  4.9524106E+02
5.0635552E+00  5.6419385E+02
5.0740714E+00  6.4577277E+02
5.0845876E+00  6.6529590E+02
5.0951037E+00  6.0250604E+02
5.1056199E+00  5.1995129E+02
5.1161361E+00  4.7106018E+02
5.1266522E+00  4.5238803E+02
5.1371684E+00  4.4577036E+02
5.1476846E+00  4.4404498E+02
5.1582007E+00  4.4341360E+02
5.1687169E+00  4.4294937E+02
5.1792336E+00  4.4364679E+02
5.1897497E+00  4.4397498E+02
5.2002659E+00  4.4434055E+02
5.2107821E+00  4.4605988E+02
5.2212982E+00  4.4942221E+02
5.2318144E+00  4.5506955E+02
5.2423306E+00  4.6687622E+02
5.2528467E+00  4.9455176E+02
5.2633629E+00  5.7073846E+02
5.2738791E+00  7.9520667E+02
5.2843952E+00  1.4010576E+03
5.2949119E+00  2.3760193E+03
5.3054280E+00  3.1237024E+03
5.3159442E+00  3.1231262E+03
5.3264604E+00  2.4288611E+03
5.3369765E+00  1.5158059E+03
5.3474927E+00  8.7211243E+02
5.3580089E+00  5.9459985E+02
5.3685250E+00  5.0129535E+02
5.3790412E+00  4.6848074E+02
5.3895574E+00  4.5538254E+02
5.4000735E+00  4.4942072E+02
5.4105902E+00  4.4632455E+02
5.4211063E+00  4.4395532E+02
5.4316225E+00  4.4221271E+02
5.4421387E+00  4.4001468E+02
5.4526548E+00  4.3703293E+02
5.4631710E+00  4.3475922E+02
5.4736872E+00  4.3354361E+02
5.4842033E+00  4.3467203E+02
5.4947195E+00  4.3995618E+02
5.5052357E+00  4.5782529E+02
5.5157518E+00  4.9981696E+02
5.5262685E+00  5.4742847E+02
5.5367846E+00  5.5011646E+02
5.5473008E+00  5.0577606E+02
5.5578170E+00  4.6367358E+02
5.5683331E+00  4.4420050E+02
5.5788493E+00  4.3648849E+02
5.5893655E+00  4.3168164E+02
5.5998816E+00  4.3057376E+02
5.6103978E+00  4.2916931E+02
5.6209140E+00  4.2791965E+02
5.6314301E+00  4.2767072E+02
5.6419468E+00  4.2778802E+02
5.6524630E+00  4.2783646E+02
5.6629791E+00  4.2847253E+02
5.6734953E+00  4.2953848E+02
5.6840115E+00  4.3054556E+02
5.6945276E+00  4.3283313E+02
5.7050438E+00  4.3821652E+02
5.7155600E+00  4.4965851E+02
5.7260761E+00  4.6635709E+02
5.7365923E+00  4.7693237E+02
5.7471085E+00  4.7077826E+02
5.7576251E+00  4.5347726E+02
5.7681413E+00  4.4004843E+02
5.7786574E+00  4.3384387E+02
5.7891736E+00  4.3232666E+02
5.7996898E+00  4.3164056E+02
5.8102059E+00  4.3158917E+02
5.8207221E+00  4.3214990E+02
5.8312383E+00  4.3229672E+02
5.8417544E+00  4.3362360E+02
5.8522706E+00  4.3520129E+02
5.8627868E+00  4.3601468E+02
5.8733034E+00  4.3627963E+02
5.8838196E+00  4.3637714E+02
5.8943357E+00  4.3600336E+02
5.9048519E+00  4.3726855E+02
5.9153681E+00  4.3817361E+02
5.9258842E+00  4.3928995E+02
5.9364004E+00  4.4039542E+02
5.9469166E+00  4.4206589E+02
5.9574327E+00  4.4541821E+02
5.9679489E+00  4.4928265E+02
5.9784651E+00  4.5237274E+02
5.9889817E+00  4.5244675E+02
5.9994979E+00  4.5137939E+02
6.0100141E+00  4.5212689E+02
6.0205302E+00  4.5452295E+02
6.0310464E+00  4.5870605E+02
6.0415626E+00  4.6535880E+02
6.0520787E+00  4.7636545E+02
6.0625949E+00  4.9704663E+02
6.0731111E+00  5.3820288E+02
6.0836272E+00  6.3454150E+02
6.0941434E+00  8.9612000E+02
6.1046600E+00  1.6675833E+03
6.1151762E+00  3.4814258E+03
6.1256924E+00  5.8327764E+03
6.1362085E+00  6.6182007E+03
6.1467247E+00  4.9873032E+03
6.1572409E+00  2.6897708E+03
6.1677570E+00  1.3097419E+03
6.1782732E+00  7.7313824E+02
6.1887894E+00  5.9018695E+02
6.1993055E+00  5.2140894E+02
6.2098217E+00  4.9089072E+02
6.2203383E+00  4.7501053E+02
6.2308545E+00  4.6653613E+02
6.2413707E+00  4.6342551E+02
6.2518868E+00  4.6436807E+02
6.2624030E+00  4.6469485E+02
6.2729192E+00  4.6503482E+02
6.2834353E+00  4.7336780E+02
6.2939515E+00  5.1217194E+02
6.3044677E+00  6.0950671E+02
6.3149838E+00  7.3708197E+02
6.3255000E+00  7.8712598E+02
6.3360162E+00  7.0859296E+02
6.3465328E+00  5.8190930E+02
6.3570490E+00  4.9384882E+02
6.3675652E+00  4.5408264E+02
6.3780813E+00  4.3813547E+02
6.3885975E+00  4.3204453E+02
6.3991137E+00  4.2926526E+02
6.4096298E+00  4.2694675E+02
6.4201460E+00  4.2604288E+02
6.4306622E+00  4.2516769E+02
6.4411783E+00  4.2498337E+02
6.4516945E+00  4.2540399E+02
6.4622111E+00  4.2547629E+02
6.4727273E+00  4.2629068E+02
6.4832435E+00  4.2565588E+02
6.4937596E+00  4.2373984E+02
6.5042758E+00  4.2206393E+02
6.5147920E+00  4.2077560E+02
6.5253081E+00  4.1980518E+02
6.5358243E+00  4.2034091E+02
6.5463405E+00  4.2059848E+02
6.5568566E+00  4.2208081E+02
6.5673728E+00  4.2344836E+02
6.5778894E+00  4.2451074E+02
6.5884056E+00  4.2496155E+02
6.5989218E+00  4.2500998E+02
6.6094379E+00  4.2533710E+02
6.6199541E+00  4.2818756E+02
6.6304703E+00  4.3149286E+02
6.6409864E+00  4.3510565E+02
6.6515026E+00  4.3865878E+02
6.6620188E+00  4.5087283E+02
6.6725349E+00  4.7107495E+02
6.6830511E+00  4.8392892E+02
6.6935678E+00  4.7447110E+02
6.7040839E+00  4.5071140E+02
6.7146001E+00  4.3262695E+02
6.7251163E+00  4.2426315E+02
6.7356324E+00  4.2154694E+02
6.7461486E+00  4.2157056E+02
6.7566648E+00  4.2249356E+02
6.7671809E+00  4.2449078E+02
6.7776971E+00  4.2808273E+02
6.7882133E+00  4.3461572E+02
6.7987294E+00  4.4876343E+02
6.8092461E+00  4.8398126E+02
6.8197622E+00  5.7752173E+02
6.8302784E+00  7.7380762E+02
6.8407946E+00  1.0634784E+03
6.8513107E+00  1.3506860E+03
6.8618269E+00  1.4374261E+03
6.8723431E+00  1.2075920E+03
6.8828592E+00  8.4140747E+02
6.8933754E+00  5.9205957E+02
6.9038916E+00  4.8679453E+02
6.9144077E+00  4.5023914E+02
6.9249244E+00  4.3656696E+02
6.9354405E+00  4.3088525E+02
6.9459567E+00  4.2891199E+02
6.9564729E+00  4.2820679E+02
6.9669890E+00  4.3034064E+02
6.9775052E+00  4.3723425E+02
6.9880214E+00  4.5426663E+02
6.9985375E+00  4.9172150E+02
7.0090537E+00  5.5174579E+02
7.0195699E+00  6.4972522E+02
7.0300860E+00  7.7337439E+02
7.0406027E+00  8.1454987E+02
7.0511189E+00  7.1126233E+02
7.0616350E+00  5.6439258E+02
7.0721512E+00  4.7738498E+02
7.0826674E+00  4.4278561E+02
7.0931835E+00  4.2993790E+02
7.1036997E+00  4.2442206E+02
7.1142159E+00  4.2227762E+02
7.1247320E+00  4.2151447E+02
7.1352482E+00  4.2084924E+02
7.1457644E+00  4.2120172E+02
7.1562810E+00  4.2191446E+02
7.1667972E+00  4.2548810E+02
7.1773133E+00  4.2324982E+02
7.1878295E+00  4.2665118E+02
7.1983457E+00  4.2405249E+02
7.2088618E+00  4.2538629E+02
7.2193780E+00  4.2633658E+02
7.2298942E+00  4.2669778E+02
7.2404103E+00  4.2738828E+02
7.2509265E+00  4.2811642E+02
7.2614427E+00  4.2927209E+02
7.2719593E+00  4.3011896E+02
7.2824755E+00  4.3193655E+02
7.2929916E+00  4.3288586E+02
7.3035078E+00  4.3455655E+02
7.3140240E+00  4.3617706E+02
7.3245401E+00  4.3787668E+02
7.3350563E+00  4.4011731E+02
7.3455725E+00  4.4300891E+02
7.3560886E+00  4.4628802E+02
7.3666048E+00  4.5072165E+02
7.3771210E+00  4.5568781E+02
7.3876376E+00  4.6131641E+02
7.3981538E+00  4.6909933E+02
7.4086699E+00  4.7847504E+02
7.4191861E+00  4.9260052E+02
7.4297023E+00  5.1510571E+02
7.4402184E+00  5.5516016E+02
7.4507346E+00  6.3643762E+02
7.4612508E+00  8.3122888E+02
7.4717669E+00  1.3582230E+03
7.4822831E+00  2.6430928E+03
7.4927993E+00  4.6769497E+03
7.5033159E+00  6.4800645E+03
7.5138321E+00  7.1366665E+03
7.5243483E+00  6.4280703E+03
7.5348644E+00  4.5958599E+03
7.5453806E+00  2.6050344E+03
7.5558968E+00  1.3673047E+03
7.5664129E+00  8.3446729E+02
7.5769291E+00  6.3416199E+02
7.5874453E+00  5.5521088E+02
7.5979614E+00  5.2059424E+02
7.6084776E+00  5.0272983E+02
7.6189942E+00  4.9334970E+02
7.6295104E+00  4.9079855E+02
7.6400266E+00  4.9599945E+02
7.6505427E+00  5.1552972E+02
7.6610589E+00  5.4389484E+02
7.6715751E+00  5.5161499E+02
7.6820912E+00  5.2443506E+02
7.6926074E+00  4.8715738E+02
7.7031236E+00  4.6512979E+02
7.7136397E+00  4.5607312E+02
7.7241559E+00  4.5181705E+02
7.7346725E+00  4.4939090E+02
7.7451887E+00  4.4829083E+02
7.7557049E+00  4.4763394E+02
7.7662210E+00  4.4668713E+02
7.7767372E+00  4.4685898E+02
7.7872534E+00  4.4775906E+02
7.7977695E+00  4.5020117E+02
7.8082857E+00  4.5349490E+02
7.8188019E+00  4.5398328E+02
7.8293180E+00  4.5122110E+02
7.8398342E+00  4.4774774E+02
7.8503509E+00  4.4514999E+02
7.8608670E+00  4.4342938E+02
7.8713832E+00  4.4349722E+02
7.8818994E+00  4.4414597E+02
7.8924155E+00  4.4566165E+02
7.9029317E+00  4.4753131E+02
7.9134479E+00  4.4924274E+02
7.9239640E+00  4.4986691E+02
7.9344802E+00  4.5113199E+02
7.9449964E+00  4.5568112E+02
7.9555125E+00  4.6451270E+02
7.9660292E+00  4.7520569E+02
7.9765453E+00  4.7920062E+02
7.9870615E+00  4.7130963E+02
7.9975777E+00  4.5860095E+02
8.0080938E+00  4.5056262E+02
8.0186100E+00  4.4683374E+02
8.0291262E+00  4.4491733E+02
8.0396423E+00  4.4350540E+02
8.0501585E+00  4.4343674E+02
8.0606747E+00  4.4377335E+02
8.0711908E+00  4.4442209E+02
8.0817070E+00  4.4454749E+02
8.0922232E+00  4.4481204E+02
8.1027393E+00  4.4499823E+02
8.1132555E+00  4.4523239E+02
8.1237717E+00  4.4552289E+02
8.1342878E+00  4.4618829E+02
8.1448050E+00  4.4703445E+02
8.1553211E+00  4.4794543E+02
8.1658373E+00  4.4887909E+02
8.1763535E+00  4.4964319E+02
8.1868696E+00  4.4984802E+02
8.1973858E+00  4.4995050E+02
8.2079020E+00  4.5115359E+02
8.2184181E+00  4.5442258E+02
8.2289343E+00  4.6419672E+02
8.2394505E+00  4.8632849E+02
8.2499666E+00  5.3700446E+02
8.2604828E+00  6.1302380E+02
8.2709990E+00  6.6189026E+02
8.2815151E+00  6.3248749E+02
8.2920313E+00  5.5643970E+02
8.3025475E+00  4.9677484E+02
8.3130636E+00  4.6801291E+02
8.3235798E+00  4.5686072E+02
8.3340960E+00  4.5250473E+02
8.3446121E+00  4.5058734E+02
8.3551283E+00  4.5000668E+02
8.3656445E+00  4.5005637E+02
8.3761616E+00  4.5019928E+02
8.3866777E+00  4.5066623E+02
8.3971939E+00  4.5111737E+02
8.4077101E+00  4.5125995E+02
8.4182262E+00  4.5141986E+02
8.4287424E+00  4.5134995E+02
8.4392586E+00  4.5138989E+02
8.4497747E+00  4.5153882E+02
8.4602909E+00  4.5202322E+02
8.4708071E+00  4.5255081E+02
8.4813232E+00  4.5301608E+02
8.4918394E+00  4.5359982E+02
8.5023556E+00  4.5358997E+02
8.5128717E+00  4.5462558E+02
8.5233879E+00  4.5757950E+02
8.5339041E+00  4.5941855E+02
8.5444202E+00  4.6216690E+02
8.5549364E+00  4.6441376E+02
8.5654526E+00  4.6798395E+02
8.5759687E+00  4.7307098E+02
8.5864849E+00  4.8194211E+02
8.5970011E+00  4.9572693E+02
8.6075182E+00  5.2245782E+02
8.6180344E+00  5.8547070E+02
8.6285505E+00  7.3910504E+02
8.6390667E+00  1.0463621E+03
8.6495829E+00  1.4647897E+03
8.6600990E+00  1.9805936E+03
8.6706152E+00  2.6993147E+03
8.6811314E+00  3.2252761E+03
8.6916475E+00  2.9296628E+03
8.7021637E+00  2.0386598E+03
8.7126799E+00  1.2482955E+03
8.7231960E+00  8.0611859E+02
8.7337122E+00  6.1181067E+02
8.7442284E+00  5.3519781E+02
8.7547445E+00  5.0396771E+02
8.7652607E+00  4.8960510E+02
8.7757769E+00  4.8356677E+02
8.7862930E+00  4.8265939E+02
8.7968092E+00  4.9090909E+02
8.8073254E+00  5.2079504E+02
8.8178415E+00  5.7416425E+02
8.8283577E+00  6.1377008E+02
8.8388748E+00  5.9722223E+02
8.8493910E+00  5.4145734E+02
8.8599072E+00  4.9298425E+02
8.8704233E+00  4.6846011E+02
8.8809395E+00  4.5836926E+02
8.8914557E+00  4.5443231E+02
8.9019718E+00  4.5369318E+02
8.9124880E+00  4.5545190E+02
8.9230042E+00  4.5670422E+02
8.9335203E+00  4.5504019E+02
8.9440365E+00  4.5379291E+02
8.9545527E+00  4.5491467E+02
8.9650688E+00  4.5500098E+02
8.9755850E+00  4.5269971E+02
8.9861012E+00  4.4978458E+02
8.9966173E+00  4.4831607E+02
9.0071335E+00  4.4785541E+02
9.0176497E+00  4.4922269E+02
9.0281658E+00  4.5497958E+02
9.0386820E+00  4.6750327E+02
9.0491982E+00  4.8417603E+02
9.0597143E+00  4.9603888E+02
9.0702314E+00  5.0329950E+02
9.0807476E+00  5.0564990E+02
9.0912638E+00  4.9574387E+02
9.1017799E+00  4.7768414E+02
9.1122961E+00  4.6423654E+02
9.1228123E+00  4.5693234E+02
9.1333284E+00  4.6150549E+02
9.1438446E+00  4.6810468E+02
9.1543608E+00  4.8652728E+02
9.1648769E+00  5.3553192E+02
9.1753931E+00  6.3540527E+02
9.1859093E+00  7.8068427E+02
9.1964254E+00  9.0534076E+02
9.2069416E+00  9.3459827E+02
9.2174578E+00  8.6177814E+02
9.2279739E+00  7.3392358E+02
9.2384901E+00  6.0757849E+02
9.2490063E+00  5.2326276E+02
9.2595224E+00  4.8216397E+02
9.2700386E+00  4.6582996E+02
9.2805548E+00  4.6091458E+02
9.2910709E+00  4.6392374E+02
9.3015881E+00  4.8028574E+02
9.3121042E+00  5.1760559E+02
9.3226204E+00  5.6351666E+02
9.3331366E+00  5.7512305E+02
9.3436527E+00  5.3995496E+02
9.3541689E+00  4.9534213E+02
9.3646851E+00  4.6922061E+02
9.3752012E+00  4.5810559E+02
9.3857174E+00  4.5342816E+02
9.3962336E+00  4.5168503E+02
9.4067497E+00  4.5196384E+02
9.4172659E+00  4.5316583E+02
9.4277821E+00  4.5474451E+02
9.4382982E+00  4.5634824E+02
9.4488144E+00  4.5662027E+02
9.4593306E+00  4.5618411E+02
9.4698467E+00  4.5614011E+02
9.4803629E+00  4.5575525E+02
9.4908791E+00  4.5539725E+02
9.5013952E+00  4.5503339E+02
9.5119114E+00  4.5501166E+02
9.5224276E+00  4.5607727E+02
9.5329437E+00  4.5773294E+02
9.5434608E+00  4.6001633E+02
9.5539770E+00  4.6248328E+02
9.5644932E+00  4.6483148E+02
9.5750093E+00  4.6696759E+02
9.5855255E+00  4.6950800E+02
9.5960417E+00  4.7283279E+02
9.6065578E+00  4.7809354E+02
9.6170740E+00  4.8653336E+02
9.6275902E+00  4.9998453E+02
9.6381063E+00  5.2477240E+02
9.6486225E+00  5.7754633E+02
9.6591387E+00  7.0534473E+02
9.6696548E+00  9.9755035E+02
9.6801710E+00  1.5198881E+03
9.6906872E+00  2.2253792E+03
9.7012033E+00  2.8854167E+03
9.7117195E+00  3.0706121E+03
9.7222357E+00  2.5362153E+03
9.7327518E+00  1.6742306E+03
9.7432680E+00  1.0282740E+03
9.7537842E+00  7.1110229E+02
9.7643003E+00  5.8421417E+02
9.7748175E+00  5.3898633E+02
9.7853336E+00  5.3024835E+02
9.7958498E+00  5.5083356E+02
9.8063660E+00  5.9056677E+02
9.8168821E+00  6.5167084E+02
9.8273983E+00  7.2728558E+02
9.8379145E+00  7.5693396E+02
9.8484306E+00  6.9894678E+02
9.8589468E+00  6.0050171E+02
9.8694630E+00  5.2605475E+02
9.8799791E+00  4.8715460E+02
9.8904953E+00  4.6958191E+02
9.9010115E+00  4.6230411E+02
9.9115276E+00  4.5850507E+02
9.9220438E+00  4.5689569E+02
9.9325600E+00  4.5654163E+02
9.9430761E+00  4.5609372E+02
9.9535923E+00  4.5474228E+02
9.9641085E+00  4.5256418E+02
9.9746246E+00  4.5001486E+02
9.9851408E+00  4.4765765E+02
9.9956570E+00  4.4705774E+02
1.0006174E+01  4.4768509E+02
1.0016690E+01  4.5005383E+02
1.0027206E+01  4.5639960E+02
1.0037723E+01  4.6630341E+02
1.0048239E+01  4.7108749E+02
1.0058755E+01  4.6540372E+02
1.0069271E+01  4.5694760E+02
1.0079787E+01  4.5196555E+02
1.0090303E+01  4.4927905E+02
1.0100820E+01  4.4886557E+02
1.0111336E+01  4.5135529E+02
1.0121852E+01  4.6049994E+02
1.0132368E+01  4.8716342E+02
1.0142884E+01  5.5246674E+02
1.0153400E+01  6.6192627E+02
1.0163917E+01  7.7397339E+02
1.0174433E+01  8.5541364E+02
1.0184949E+01  8.9547986E+02
1.0195465E+01  8.4724573E+02
1.0205981E+01  7.0973535E+02
1.0216497E+01  5.7463318E+02
1.0227014E+01  4.9562704E+02
1.0237531E+01  4.6078885E+02
1.0248047E+01  4.4953052E+02
1.0258563E+01  4.5494882E+02
1.0269079E+01  4.8184546E+02
1.0279595E+01  5.3859839E+02
1.0290112E+01  6.0678113E+02
1.0300628E+01  6.3671338E+02
1.0311144E+01  6.0358667E+02
1.0321660E+01  5.3601532E+02
1.0332176E+01  4.7632748E+02
1.0342692E+01  4.4029004E+02
1.0353209E+01  4.2307193E+02
1.0363725E+01  4.1533096E+02
1.0374241E+01  4.1197421E+02
1.0384757E+01  4.0985767E+02
1.0395273E+01  4.0851001E+02
1.0405789E+01  4.0711713E+02
1.0416306E+01  4.0584009E+02
1.0426822E+01  4.0383719E+02
1.0437338E+01  4.0199030E+02
1.0447854E+01  4.0098279E+02
1.0458370E+01  3.9990900E+02
1.0468887E+01  3.9907578E+02
1.0479403E+01  3.9838132E+02
1.0489920E+01  3.9799509E+02
1.0500436E+01  3.9823447E+02
1.0510952E+01  3.9846359E+02
1.0521468E+01  3.9854410E+02
1.0531984E+01  3.9959320E+02
1.0542500E+01  4.0183911E+02
1.0553017E+01  4.0584302E+02
1.0563533E+01  4.1373483E+02
1.0574049E+01  4.3195575E+02
1.0584565E+01  4.7905905E+02
1.0595081E+01  5.9788965E+02
1.0605597E+01  8.0713916E+02
1.0616114E+01  9.7954242E+02
1.0626630E+01  9.7267194E+02
1.0637146E+01  8.9718292E+02
1.0647662E+01  8.8111127E+02
1.0658178E+01  8.3326080E+02
1.0668694E+01  6.9820758E+02
1.0679211E+01  5.5925909E+02
1.0689727E+01  4.7310468E+02
1.0700244E+01  4.3509171E+02
1.0710760E+01  4.3020752E+02
1.0721276E+01  4.4757990E+02
1.0731792E+01  4.7728485E+02
1.0742309E+01  5.1329230E+02
1.0752825E+01  5.3782068E+02
1.0763341E+01  5.2073999E+02
1.0773857E+01  4.6968353E+02
1.0784373E+01  4.2143307E+02
1.0794889E+01  3.9384933E+02
1.0805406E+01  3.8119470E+02
1.0815922E+01  3.7504663E+02
1.0826438E+01  3.7266809E+02
1.0836954E+01  3.6752328E+02
1.0847470E+01  3.6695703E+02
1.0857986E+01  3.6467197E+02
1.0868503E+01  3.6247324E+02
1.0879019E+01  3.5758633E+02
1.0889535E+01  3.5284845E+02
1.0900051E+01  3.5224643E+02
1.0910567E+01  3.5313745E+02
1.0921083E+01  3.5833920E+02
1.0931601E+01  3.6410938E+02
1.0942117E+01  3.7107080E+02
1.0952633E+01  3.7658566E+02
1.0963149E+01  3.7720731E+02
1.0973665E+01  3.7282574E+02
1.0984181E+01  3.6795322E+02
1.0994698E+01  3.6589874E+02
1.1005214E+01  3.7004846E+02
1.1015730E+01  3.8508173E+02
1.1026246E+01  4.1533499E+02
1.1036762E+01  4.5180658E+02
1.1047278E+01  4.8027841E+02
1.1057795E+01  5.1571771E+02
1.1068311E+01  5.6286011E+02
1.1078827E+01  5.7002496E+02
1.1089343E+01  5.1592328E+02
1.1099859E+01  4.4715289E+02
1.1110375E+01  4.0166748E+02
1.1120892E+01  3.8136307E+02
1.1131408E+01  3.7556177E+02
1.1141924E+01  3.7542657E+02
1.1152440E+01  3.7967886E+02
1.1162957E+01  3.9213504E+02
1.1173473E+01  4.2577820E+02
1.1183990E+01  4.8185440E+02
1.1194506E+01  5.2435352E+02
1.1205022E+01  5.1086282E+02
1.1215538E+01  4.5979590E+02
1.1226054E+01  4.1293741E+02
1.1236570E+01  3.8738132E+02
1.1247087E+01  3.7685638E+02
1.1257603E+01  3.7499396E+02
1.1268119E+01  3.7642236E+02
1.1278635E+01  3.7794101E+02
1.1289151E+01  3.7679761E+02
1.1299667E+01  3.7416827E+02
1.1310184E+01  3.7179944E+02
1.1320700E+01  3.7139978E+02
1.1331216E+01  3.7210175E+02
1.1341732E+01  3.7370151E+02
1.1352248E+01  3.7701334E+02
1.1362764E+01  3.8057510E+02
1.1373281E+01  3.8590671E+02
1.1383797E+01  3.9357974E+02
1.1394314E+01  4.0495840E+02
1.1404830E+01  4.2361996E+02
1.1415346E+01  4.5849677E+02
1.1425862E+01  5.3464099E+02
1.1436378E+01  7.1291272E+02
1.1446895E+01  1.0623755E+03
1.1457411E+01  1.5296030E+03
1.1467927E+01  1.9511467E+03
1.1478443E+01  2.2561956E+03
1.1488959E+01  2.4304978E+03
1.1499475E+01  2.3768081E+03
1.1509992E+01  2.0105099E+03
1.1520508E+01  1.4522526E+03
1.1531024E+01  9.6301190E+02
1.1541540E+01  6.6621851E+02
1.1552056E+01  5.1842419E+02
1.1562572E+01  4.5253870E+02
1.1573089E+01  4.2684732E+02
1.1583605E+01  4.2402252E+02
1.1594121E+01  4.3771078E+02
1.1604637E+01  4.5284805E+02
1.1615153E+01  4.4953113E+02
1.1625669E+01  4.2669455E+02
1.1636187E+01  4.0191232E+02
1.1646703E+01  3.8598877E+02
1.1657219E+01  3.7668683E+02
1.1667735E+01  3.7247849E+02
1.1678251E+01  3.6952719E+02
1.1688767E+01  3.6759189E+02
1.1699284E+01  3.6607361E+02
1.1709800E+01  3.6592102E+02
1.1720316E+01  3.6523703E+02
1.1730832E+01  3.6464328E+02
1.1741348E+01  3.6424548E+02
1.1751864E+01  3.6512772E+02
1.1762381E+01  3.6837305E+02
1.1772897E+01  3.7456561E+02
1.1783413E+01  3.8010284E+02
1.1793929E+01  3.8119379E+02
1.1804445E+01  3.7822797E+02
1.1814961E+01  3.7364337E+02
1.1825478E+01  3.6770233E+02
1.1835994E+01  3.6269098E+02
1.1846510E+01  3.5980402E+02
1.1857026E+01  3.5876016E+02
1.1867543E+01  3.5811002E+02
1.1878059E+01  3.5733536E+02
1.1888576E+01  3.5744531E+02
1.1899092E+01  3.5786841E+02
1.1909608E+01  3.5752841E+02
1.1920124E+01  3.5848953E+02
1.1930640E+01  3.5958075E+02
1.1941156E+01  3.6298810E+02
1.1951673E+01  3.7020819E+02
1.1962189E+01  3.8041730E+02
1.1972705E+01  3.9454507E+02
1.1983221E+01  4.1851230E+02
1.1993737E+01  4.5544363E+02
1.2004253E+01  4.9145612E+02
1.2014770E+01  4.9854453E+02
1.2025286E+01  4.6724762E+02
1.2035802E+01  4.2266763E+02
1.2046318E+01  3.9015540E+02
1.2056834E+01  3.7276126E+02
1.2067350E+01  3.6547409E+02
1.2077867E+01  3.6100638E+02
1.2088383E+01  3.5837186E+02
1.2098900E+01  3.5688614E+02
1.2109416E+01  3.5643884E+02
1.2119932E+01  3.5541464E+02
1.2130448E+01  3.5505350E+02
1.2140965E+01  3.5454272E+02
1.2151481E+01  3.5448846E+02
1.2161997E+01  3.5505661E+02
1.2172513E+01  3.5498685E+02
1.2183029E+01  3.5527359E+02
1.2193545E+01  3.5633356E+02
1.2204062E+01  3.5759729E+02
1.2214578E+01  3.6010580E+02
1.2225094E+01  3.6439026E+02
1.2235610E+01  3.7306058E+02
1.2246126E+01  3.9503735E+02
1.2256642E+01  4.4469305E+02
1.2267159E+01  5.2910980E+02
1.2277675E+01  6.1588812E+02
1.2288191E+01  6.4320856E+02
1.2298707E+01  5.9976080E+02
1.2309223E+01  5.2917950E+02
1.2319739E+01  4.5529385E+02
1.2330256E+01  4.0941455E+02
1.2340773E+01  3.9391190E+02
1.2351289E+01  4.0408859E+02
1.2361805E+01  4.3668311E+02
1.2372321E+01  4.7414484E+02
1.2382837E+01  4.8860751E+02
1.2393353E+01  4.7205548E+02
1.2403870E+01  4.3518661E+02
1.2414386E+01  3.9916824E+02
1.2424902E+01  3.7506287E+02
1.2435418E+01  3.6287384E+02
1.2445934E+01  3.5726974E+02
1.2456450E+01  3.6057074E+02
1.2466967E+01  3.5476648E+02
1.2477483E+01  3.5214896E+02
1.2487999E+01  3.5193692E+02
1.2498515E+01  3.5213205E+02
1.2509031E+01  3.5198071E+02
1.2519547E+01  3.5278485E+02
1.2530064E+01  3.5364444E+02
1.2540580E+01  3.5485016E+02
1.2551096E+01  3.5689133E+02
1.2561613E+01  3.5805786E+02
1.2572129E+01  3.5845905E+02
1.2582645E+01  3.5962195E+02
1.2593162E+01  3.6200485E+02
1.2603678E+01  3.6840900E+02
1.2614194E+01  3.8747522E+02
1.2624710E+01  4.2864157E+02
1.2635226E+01  4.8488019E+02
1.2645742E+01  5.2402972E+02
1.2656259E+01  5.2658380E+02
1.2666775E+01  5.1058813E+02
1.2677291E+01  4.9365033E+02
1.2687807E+01  4.6666028E+02
1.2698323E+01  4.3053320E+02
1.2708839E+01  4.0484689E+02
1.2719356E+01  3.9931454E+02
1.2729872E+01  4.1096613E+02
1.2740388E+01  4.2945154E+02
1.2750904E+01  4.5249435E+02
1.2761420E+01  4.7699493E+02
1.2771936E+01  4.7976376E+02
1.2782453E+01  4.5063632E+02
1.2792970E+01  4.0996622E+02
1.2803486E+01  3.7970911E+02
1.2814002E+01  3.6355676E+02
1.2824518E+01  3.5604749E+02
1.2835034E+01  3.5328094E+02
1.2845551E+01  3.5274820E+02
1.2856067E+01  3.5224957E+02
1.2866583E+01  3.5105902E+02
1.2877099E+01  3.5131345E+02
1.2887615E+01  3.5250217E+02
1.2898131E+01  3.5441223E+02
1.2908648E+01  3.5631155E+02
1.2919164E+01  3.5910446E+02
1.2929680E+01  3.6265750E+02
1.2940196E+01  3.6783755E+02
1.2950712E+01  3.7798346E+02
1.2961228E+01  3.9601004E+02
1.2971745E+01  4.3602829E+02
1.2982261E+01  5.1352142E+02
1.2992777E+01  6.4239807E+02
1.3003293E+01  8.1647754E+02
1.3013809E+01  1.0072048E+03
1.3024326E+01  1.1955463E+03
1.3034842E+01  1.3630881E+03
1.3045359E+01  1.3766420E+03
1.3055875E+01  1.1595431E+03
1.3066391E+01  8.5497662E+02
1.3076907E+01  6.2027393E+02
1.3087423E+01  4.9127206E+02
1.3097939E+01  4.3654041E+02
1.3108456E+01  4.2364633E+02
1.3118972E+01  4.2534198E+02
1.3129488E+01  4.2268384E+02
1.3140004E+01  4.1686804E+02
1.3150520E+01  4.0831494E+02
1.3161036E+01  3.9405353E+02
1.3171553E+01  3.7676172E+02
1.3182069E+01  3.6339398E+02
1.3192585E+01  3.5380756E+02
1.3203101E+01  3.4921658E+02
1.3213617E+01  3.4684933E+02
1.3224133E+01  3.4573441E+02
1.3234650E+01  3.4564322E+02
1.3245166E+01  3.4611771E+02
1.3255683E+01  3.4926413E+02
1.3266199E+01  3.5149594E+02
1.3276715E+01  3.5245364E+02
1.3287231E+01  3.5319562E+02
1.3297748E+01  3.5306494E+02
1.3308264E+01  3.5243701E+02
1.3318780E+01  3.5222647E+02
1.3329296E+01  3.5494809E+02
1.3339812E+01  3.6328918E+02
1.3350328E+01  3.7607376E+02
1.3360845E+01  3.8692267E+02
1.3371361E+01  3.9777399E+02
1.3381877E+01  4.1121906E+02
1.3392393E+01  4.1688879E+02
1.3402909E+01  4.1105923E+02
1.3413425E+01  3.9706848E+02
1.3423942E+01  3.8070859E+02
1.3434458E+01  3.6878009E+02
1.3444974E+01  3.6615512E+02
1.3455490E+01  3.7386700E+02
1.3466006E+01  3.8880493E+02
1.3476522E+01  4.1394623E+02
1.3487040E+01  4.4433826E+02
1.3497556E+01  4.5821893E+02
1.3508072E+01  4.3939276E+02
1.3518588E+01  4.0440591E+02
1.3529104E+01  3.7390790E+02
1.3539620E+01  3.5509348E+02
1.3550137E+01  3.4225961E+02
1.3560653E+01  3.3719855E+02
1.3571169E+01  3.3440601E+02
1.3581685E+01  3.3476895E+02
1.3592201E+01  3.3627313E+02
1.3602717E+01  3.3518954E+02
1.3613234E+01  3.3446542E+02
1.3623750E+01  3.3499496E+02
1.3634266E+01  3.3815616E+02
1.3644782E+01  3.3930963E+02
1.3655298E+01  3.4311618E+02
1.3665814E+01  3.5221585E+02
1.3676331E+01  3.7365433E+02
1.3686847E+01  4.1864606E+02
1.3697363E+01  4.7919989E+02
1.3707879E+01  5.4797601E+02
1.3718395E+01  6.0831287E+02
1.3728912E+01  6.9687524E+02
1.3739429E+01  8.1466638E+02
1.3749945E+01  8.7178894E+02
1.3760461E+01  8.0574933E+02
1.3770977E+01  6.6048120E+02
1.3781493E+01  5.2510577E+02
1.3792009E+01  4.4068622E+02
1.3802526E+01  3.9595422E+02
1.3813042E+01  3.7860812E+02
1.3823558E+01  3.8746893E+02
1.3834074E+01  4.1863272E+02
1.3844590E+01  4.5361725E+02
1.3855106E+01  4.5870807E+02
1.3865623E+01  4.2928769E+02
1.3876139E+01  3.9034430E+02
1.3886655E+01  3.6110962E+02
1.3897171E+01  3.4475369E+02
1.3907687E+01  3.3592438E+02
1.3918203E+01  3.3007114E+02
1.3928720E+01  3.2734747E+02
1.3939236E+01  3.2672324E+02
1.3949752E+01  3.2761920E+02
1.3960269E+01  3.2961841E+02
1.3970785E+01  3.3105136E+02
1.3981301E+01  3.3200531E+02
1.3991817E+01  3.3275430E+02
1.4002334E+01  3.3338916E+02
1.4012850E+01  3.3435217E+02
1.4023366E+01  3.3688058E+02
1.4033882E+01  3.4598584E+02
1.4044398E+01  3.6220929E+02
1.4054914E+01  3.7999680E+02
1.4065431E+01  3.9307840E+02
1.4075947E+01  4.0370032E+02
1.4086463E+01  4.0821872E+02
1.4096979E+01  3.9988763E+02
1.4107495E+01  3.7999542E+02
1.4118011E+01  3.5512546E+02
1.4128528E+01  3.3910187E+02
1.4139044E+01  3.3248587E+02
1.4149560E+01  3.3329764E+02
1.4160076E+01  3.4003381E+02
1.4170592E+01  3.4721747E+02
1.4181108E+01  3.4583633E+02
1.4191626E+01  3.3721320E+02
1.4202142E+01  3.2699500E+02
1.4212658E+01  3.2256827E+02
1.4223174E+01  3.1943503E+02
1.4233690E+01  3.1853799E+02
1.4244206E+01  3.1930954E+02
1.4254723E+01  3.1984891E+02
1.4265239E+01  3.1793777E+02
1.4275755E+01  3.1809570E+02
1.4286271E+01  3.1800497E+02
1.4296787E+01  3.1848618E+02
1.4307303E+01  3.1979108E+02
1.4317820E+01  3.2202957E+02
1.4328336E+01  3.2687906E+02
1.4338852E+01  3.3266281E+02
1.4349368E+01  3.4991882E+02
1.4359884E+01  3.8370734E+02
1.4370400E+01  4.5417630E+02
1.4380917E+01  5.5323358E+02
1.4391433E+01  6.3750946E+02
1.4401949E+01  6.4229260E+02
1.4412465E+01  5.8212537E+02
1.4422982E+01  5.3172144E+02
1.4433498E+01  5.2176654E+02
1.4444015E+01  5.0707092E+02
1.4454531E+01  4.6551117E+02
1.4465047E+01  4.2373019E+02
1.4475563E+01  4.0546689E+02
1.4486079E+01  4.0794626E+02
1.4496595E+01  4.2406036E+02
1.4507112E+01  4.3775235E+02
1.4517628E+01  4.3077914E+02
1.4528144E+01  4.0331552E+02
1.4538660E+01  3.6875452E+02
1.4549176E+01  3.4332471E+02
1.4559692E+01  3.2710944E+02
1.4570209E+01  3.1953162E+02
1.4580725E+01  3.1586334E+02
1.4591241E+01  3.1445776E+02
1.4601757E+01  3.1215912E+02
1.4612273E+01  3.1120755E+02
1.4622789E+01  3.1106165E+02
1.4633306E+01  3.1079724E+02
1.4643822E+01  3.1104611E+02
1.4654339E+01  3.1099927E+02
1.4664855E+01  3.1133090E+02
1.4675371E+01  3.1066135E+02
1.4685887E+01  3.0719434E+02
1.4696404E+01  3.0459930E+02
1.4706920E+01  3.0245926E+02
1.4717436E+01  3.0201599E+02
1.4727952E+01  3.0253690E+02
1.4738468E+01  3.0300964E+02
1.4748984E+01  3.0205042E+02
1.4759501E+01  3.0314883E+02
1.4770017E+01  3.0441299E+02
1.4780533E+01  3.0786166E+02
1.4791049E+01  3.2159018E+02
1.4801565E+01  3.3492072E+02
1.4812081E+01  3.3637265E+02
1.4822598E+01  3.4199023E+02
1.4833114E+01  3.4439758E+02
1.4843630E+01  3.3365591E+02
1.4854146E+01  3.1877936E+02
1.4864662E+01  3.0290308E+02
1.4875178E+01  2.9705957E+02
1.4885695E+01  2.9085291E+02
1.4896212E+01  2.9115973E+02
1.4906728E+01  2.8657437E+02
1.4917244E+01  2.8641400E+02
1.4927760E+01  2.8483041E+02
1.4938276E+01  2.8284445E+02
1.4948792E+01  2.7968326E+02
1.4959309E+01  2.8014468E+02
1.4969825E+01  2.7700665E+02
1.4980341E+01  2.7746881E+02
1.4990857E+01  2.8031802E+02
1.5001373E+01  2.9199634E+02
1.5011889E+01  3.2141190E+02
1.5022406E+01  3.6734137E+02
1.5032922E+01  4.0160834E+02
1.5043438E+01  3.9167780E+02
1.5053954E+01  3.8602759E+02
1.5064470E+01  3.7256464E+02
1.5074986E+01  3.7613144E+02
1.5085503E+01  3.4766998E+02
1.5096019E+01  3.1330493E+02
1.5106535E+01  2.7000867E+02
1.5117052E+01  2.4733752E+02
1.5127568E+01  2.2909769E+02
1.5138084E+01  2.2073720E+02
1.5148601E+01  2.1113141E+02
1.5159117E+01  2.0455630E+02
1.5169633E+01  1.9654982E+02
1.5180149E+01  1.8188564E+02
1.5190665E+01  1.6974843E+02
1.5201181E+01  1.5433165E+02
1.5211698E+01  1.3617961E+02
1.5222214E+01  1.1362006E+02
1.5232730E+01  8.7706726E+01
1.5243246E+01  6.5524826E+01
1.5253762E+01  4.3702377E+01
1.5264278E+01  3.1145777E+01
1.5274795E+01  2.0166813E+01
1.5285311E+01  1.4170188E+01
1.5295827E+01  7.3013401E+00
1.5306343E+01  1.2101576E+01
1.5316859E+01  6.5319180E+00
1.5327375E+01  3.1248069E+00
1.5337892E+01  3.6774037E+00
